192.294
220.012
197.162
208.353
186.162
197.8
216.497
199.198
190.097
210.586
201.215
199.025
184.687
202.074
200.287
200.247
204.82
220.119
182.157
187.141
180.992
193.276
205.965
196.879
185.433
204.899
204.674
180.415
202.295
208.564
187.687
206.374
207.567
186.573
212.217
216.852
200.821
199.859
192.57
183.732
183.028
199.528
196.832
181.351
172.396
190.365
185.93
186.922
171.696
191.4
185.843
185.967
209.894
187.981
207.795
219.069
195.203
181.702
207.591
190.292
182.877
184.637
171.49
191.754
202.402
183.062
201.178
193.488
208.93
200.059
205.162
200.561
186.743
195.793
188.26
197.155
172.865
195.134
211.713
196.991
187.35
186.775
196.433
170.712
193.021
184.464
180.303
185.191
202.659
184.389
188.562
183.319
195.749
195.097
182.347
186.588
180.855
194.829
190.377
194.769
209.928
200.346
191.132
199.225
182.46
190.131
187.048
184.482
206.817
171.553
190.362
203.952
212.577
188.503
202.447
203.259
179.161
185.267
200.701
200.005
185.559
182.06
182.387
187.51
172.176
193.697
187.895
185.724
198.579
169.838
195.479
192.13
190.647
195.474
176.213
184.983
180.337
193.049
205.729
193.084
186.122
182.426
183.676
200.808
185.489
180.755
201.101
203.812
189.173
203.993
206.076
179.417
183.462
197.283
183.756
215.262
203.2
200.008
187.773
201.426
197.053
193.568
181.672
195.299
201.152
171.076
192.733
186.962
189.311
202.248
184.565
181.756
208.96
205.7
190.042
206.127
219.461
185.973
198.635
